files <- c('NA06984.call.cns', 'NA06985.call.cns', 'NA06986.call.cns', 'NA06989.call.cns', 'NA06994.call.cns', 'NA07000.call.cns', 'NA07037.call.cns', 'NA07048.call.cns', 'NA07051.call.cns', 'NA07056.call.cns', 'NA07347.call.cns', 'NA07357.call.cns', 'NA10847.call.cns', 'NA10851.call.cns', 'NA11829.call.cns', 'NA11830.call.cns', 'NA11831.call.cns', 'NA11832.call.cns', 'NA11840.call.cns', 'NA11843.call.cns', 'NA11881.call.cns', 'NA11892.call.cns', 'NA11893.call.cns', 'NA11894.call.cns', 'NA11918.call.cns', 'NA11919.call.cns', 'NA11920.call.cns', 'NA11930.call.cns', 'NA11931.call.cns', 'NA11932.call.cns', 'NA11933.call.cns', 'NA11992.call.cns', 'NA11994.call.cns', 'NA11995.call.cns', 'NA12003.call.cns', 'NA12004.call.cns', 'NA12005.call.cns', 'NA12006.call.cns', 'NA12043.call.cns', 'NA12044.call.cns', 'NA12045.call.cns', 'NA12046.call.cns', 'NA12058.call.cns', 'NA12144.call.cns', 'NA12154.call.cns', 'NA12155.call.cns', 'NA12156.call.cns', 'NA12234.call.cns', 'NA12249.call.cns', 'NA12272.call.cns', 'NA12273.call.cns', 'NA12275.call.cns', 'NA12282.call.cns', 'NA12283.call.cns', 'NA12286.call.cns', 'NA12287.call.cns', 'NA12340.call.cns', 'NA12341.call.cns', 'NA12342.call.cns', 'NA12347.call.cns', 'NA12348.call.cns', 'NA12383.call.cns', 'NA12399.call.cns', 'NA12400.call.cns', 'NA12413.call.cns', 'NA12414.call.cns', 'NA12489.call.cns', 'NA12546.call.cns', 'NA12716.call.cns', 'NA12717.call.cns', 'NA12718.call.cns', 'NA12748.call.cns', 'NA12749.call.cns', 'NA12750.call.cns', 'NA12751.call.cns', 'NA12760.call.cns', 'NA12761.call.cns', 'NA12762.call.cns', 'NA12763.call.cns', 'NA12775.call.cns', 'NA12776.call.cns', 'NA12777.call.cns', 'NA12778.call.cns', 'NA12812.call.cns', 'NA12813.call.cns', 'NA12814.call.cns', 'NA12815.call.cns', 'NA12827.call.cns', 'NA12828.call.cns', 'NA12829.call.cns', 'NA12830.call.cns', 'NA12842.call.cns', 'NA12843.call.cns', 'NA12872.call.cns', 'NA12873.call.cns', 'NA12874.call.cns', 'NA12878.call.cns', 'NA12889.call.cns', 'NA12890.call.cns', 'NA18486.call.cns', 'NA18488.call.cns', 'NA18489.call.cns', 'NA18498.call.cns', 'NA18499.call.cns', 'NA18501.call.cns', 'NA18502.call.cns', 'NA18504.call.cns', 'NA18505.call.cns', 'NA18507.call.cns', 'NA18508.call.cns', 'NA18510.call.cns', 'NA18511.call.cns', 'NA18516.call.cns', 'NA18517.call.cns', 'NA18519.call.cns', 'NA18520.call.cns', 'NA18522.call.cns', 'NA18523.call.cns', 'NA18525.call.cns', 'NA18526.call.cns', 'NA18528.call.cns', 'NA18530.call.cns', 'NA18531.call.cns', 'NA18532.call.cns', 'NA18533.call.cns', 'NA18534.call.cns', 'NA18535.call.cns', 'NA18536.call.cns', 'NA18537.call.cns', 'NA18538.call.cns', 'NA18539.call.cns', 'NA18541.call.cns', 'NA18542.call.cns', 'NA18543.call.cns', 'NA18544.call.cns', 'NA18545.call.cns', 'NA18546.call.cns', 'NA18547.call.cns', 'NA18548.call.cns', 'NA18549.call.cns', 'NA18550.call.cns', 'NA18552.call.cns', 'NA18553.call.cns', 'NA18555.call.cns', 'NA18557.call.cns', 'NA18558.call.cns', 'NA18559.call.cns', 'NA18560.call.cns', 'NA18561.call.cns', 'NA18562.call.cns', 'NA18563.call.cns', 'NA18564.call.cns', 'NA18565.call.cns', 'NA18566.call.cns', 'NA18567.call.cns', 'NA18570.call.cns', 'NA18571.call.cns', 'NA18572.call.cns', 'NA18573.call.cns', 'NA18574.call.cns', 'NA18577.call.cns', 'NA18579.call.cns', 'NA18582.call.cns', 'NA18591.call.cns', 'NA18592.call.cns', 'NA18593.call.cns', 'NA18595.call.cns', 'NA18596.call.cns', 'NA18597.call.cns', 'NA18599.call.cns', 'NA18602.call.cns', 'NA18603.call.cns', 'NA18605.call.cns', 'NA18606.call.cns', 'NA18608.call.cns', 'NA18609.call.cns', 'NA18610.call.cns', 'NA18611.call.cns', 'NA18612.call.cns', 'NA18613.call.cns', 'NA18614.call.cns', 'NA18615.call.cns', 'NA18616.call.cns', 'NA18617.call.cns', 'NA18618.call.cns', 'NA18619.call.cns', 'NA18620.call.cns', 'NA18621.call.cns', 'NA18622.call.cns', 'NA18623.call.cns', 'NA18624.call.cns', 'NA18625.call.cns', 'NA18626.call.cns', 'NA18627.call.cns', 'NA18628.call.cns', 'NA18629.call.cns', 'NA18630.call.cns', 'NA18631.call.cns', 'NA18632.call.cns', 'NA18633.call.cns', 'NA18634.call.cns', 'NA18635.call.cns', 'NA18636.call.cns', 'NA18637.call.cns', 'NA18638.call.cns', 'NA18639.call.cns', 'NA18640.call.cns', 'NA18641.call.cns', 'NA18642.call.cns', 'NA18643.call.cns', 'NA18644.call.cns', 'NA18645.call.cns', 'NA18646.call.cns', 'NA18647.call.cns', 'NA18648.call.cns', 'NA18740.call.cns', 'NA18745.call.cns', 'NA18747.call.cns', 'NA18748.call.cns', 'NA18749.call.cns', 'NA18757.call.cns', 'NA18853.call.cns', 'NA18856.call.cns', 'NA18858.call.cns', 'NA18861.call.cns', 'NA18864.call.cns', 'NA18865.call.cns', 'NA18867.call.cns', 'NA18868.call.cns', 'NA18870.call.cns', 'NA18871.call.cns', 'NA18873.call.cns', 'NA18874.call.cns', 'NA18876.call.cns', 'NA18877.call.cns', 'NA18878.call.cns', 'NA18879.call.cns', 'NA18881.call.cns', 'NA18907.call.cns', 'NA18908.call.cns', 'NA18909.call.cns', 'NA18910.call.cns', 'NA18912.call.cns', 'NA18915.call.cns', 'NA18916.call.cns', 'NA18917.call.cns', 'NA18923.call.cns', 'NA18924.call.cns', 'NA18933.call.cns', 'NA18934.call.cns', 'NA18939.call.cns', 'NA18940.call.cns', 'NA18941.call.cns', 'NA18942.call.cns', 'NA18943.call.cns', 'NA18944.call.cns', 'NA18945.call.cns', 'NA18946.call.cns', 'NA18947.call.cns', 'NA18948.call.cns', 'NA18949.call.cns', 'NA18950.call.cns', 'NA18951.call.cns', 'NA18952.call.cns', 'NA18953.call.cns', 'NA18954.call.cns', 'NA18956.call.cns', 'NA18957.call.cns', 'NA18959.call.cns', 'NA18960.call.cns', 'NA18961.call.cns', 'NA18962.call.cns', 'NA18963.call.cns', 'NA18964.call.cns', 'NA18965.call.cns', 'NA18966.call.cns', 'NA18967.call.cns', 'NA18968.call.cns', 'NA18969.call.cns', 'NA18970.call.cns', 'NA18971.call.cns', 'NA18972.call.cns', 'NA18973.call.cns', 'NA18974.call.cns', 'NA18975.call.cns', 'NA18976.call.cns', 'NA18977.call.cns', 'NA18978.call.cns', 'NA18979.call.cns', 'NA18980.call.cns', 'NA18981.call.cns', 'NA18982.call.cns', 'NA18983.call.cns', 'NA18984.call.cns', 'NA18985.call.cns', 'NA18986.call.cns', 'NA18987.call.cns', 'NA18988.call.cns', 'NA18989.call.cns', 'NA18990.call.cns', 'NA18991.call.cns', 'NA18992.call.cns', 'NA18993.call.cns', 'NA18994.call.cns', 'NA18995.call.cns', 'NA18997.call.cns', 'NA18998.call.cns', 'NA18999.call.cns', 'NA19000.call.cns', 'NA19001.call.cns', 'NA19002.call.cns', 'NA19003.call.cns', 'NA19004.call.cns', 'NA19005.call.cns', 'NA19006.call.cns', 'NA19007.call.cns', 'NA19009.call.cns', 'NA19010.call.cns', 'NA19011.call.cns', 'NA19012.call.cns', 'NA19017.call.cns', 'NA19019.call.cns', 'NA19020.call.cns', 'NA19023.call.cns', 'NA19024.call.cns', 'NA19025.call.cns', 'NA19026.call.cns', 'NA19027.call.cns', 'NA19028.call.cns', 'NA19030.call.cns', 'NA19031.call.cns', 'NA19035.call.cns', 'NA19036.call.cns', 'NA19037.call.cns', 'NA19038.call.cns', 'NA19041.call.cns', 'NA19042.call.cns', 'NA19043.call.cns', 'NA19054.call.cns', 'NA19055.call.cns', 'NA19056.call.cns', 'NA19057.call.cns', 'NA19058.call.cns', 'NA19059.call.cns', 'NA19060.call.cns', 'NA19062.call.cns', 'NA19063.call.cns', 'NA19064.call.cns', 'NA19065.call.cns', 'NA19066.call.cns', 'NA19067.call.cns', 'NA19068.call.cns', 'NA19070.call.cns', 'NA19072.call.cns', 'NA19074.call.cns', 'NA19075.call.cns', 'NA19076.call.cns', 'NA19077.call.cns', 'NA19078.call.cns', 'NA19079.call.cns', 'NA19080.call.cns', 'NA19081.call.cns', 'NA19082.call.cns', 'NA19083.call.cns', 'NA19084.call.cns', 'NA19085.call.cns', 'NA19086.call.cns', 'NA19087.call.cns', 'NA19088.call.cns', 'NA19089.call.cns', 'NA19090.call.cns', 'NA19091.call.cns', 'NA19092.call.cns', 'NA19093.call.cns', 'NA19095.call.cns', 'NA19096.call.cns', 'NA19098.call.cns', 'NA19099.call.cns', 'NA19102.call.cns', 'NA19107.call.cns', 'NA19108.call.cns', 'NA19113.call.cns', 'NA19114.call.cns', 'NA19116.call.cns', 'NA19117.call.cns', 'NA19118.call.cns', 'NA19119.call.cns', 'NA19121.call.cns', 'NA19129.call.cns', 'NA19130.call.cns', 'NA19131.call.cns', 'NA19137.call.cns', 'NA19138.call.cns', 'NA19141.call.cns', 'NA19143.call.cns', 'NA19144.call.cns', 'NA19146.call.cns', 'NA19147.call.cns', 'NA19149.call.cns', 